Image markups
===========================================================================================
Lysak:[ 0.00184945  0.10218379  0.10950886 -0.1267366  -0.08945686  0.05740552
 -0.04848069 -0.0812524   0.16689417 -0.13962729  0.19468433 -0.00608039
 -0.18278256  0.1050541  -0.07396017  0.19905512 -0.18936412 -0.12426726
 -0.09083685 -0.00095491 -0.01397238  0.10609204  0.06081923  0.02015516
 -0.0695325  -0.36565599 -0.11320631 -0.03275654 -0.0391782  -0.09041429
 -0.00970385  0.07254267 -0.11838417  0.091007    0.03633584  0.03434874
 -0.07156453 -0.05754969  0.25274426  0.08361551 -0.21955805  0.04356463
  0.10588279  0.29763034  0.2596398   0.04990846  0.03151076 -0.12193387
  0.09157192 -0.26801968  0.06939899  0.15906239  0.06627865  0.12053217
  0.03978982 -0.13321836 -0.00298211  0.10455772 -0.13632087  0.01299444
  0.01939163 -0.049024    0.02146629 -0.08182394  0.31255636  0.08956666
 -0.17554864 -0.15832606  0.14021002 -0.14883175 -0.14914775 -0.00502408
 -0.18069983 -0.17108595 -0.27545261 -0.02009908  0.35073152  0.11626392
 -0.18795194  0.10600153 -0.08404338 -0.09447148 -0.01754014  0.22097576
 -0.02312159  0.02154881 -0.01739726  0.01629145  0.24749726 -0.10502779
 -0.02474689  0.24148169 -0.00841473  0.03231455 -0.03086684  0.05646403
 -0.09819524  0.02748033 -0.19684683 -0.04713725 -0.09840788  0.03696671
 -0.04015068  0.16444105 -0.27461687  0.28230518 -0.02734254 -0.06583205
 -0.01079735  0.00340466 -0.0323535  -0.0553995   0.17391451 -0.28534299
  0.14255504  0.2085529   0.05218173  0.15307936  0.06027181  0.10622817
  0.03484768  0.04406937 -0.23112103 -0.02912218  0.06020106 -0.01497812
  0.01706175  0.09449419]

Zinov:[-0.17090571  0.08466597  0.02453081 -0.15758707 -0.10048322  0.06915969
  0.03833286 -0.00753001  0.17376274 -0.16027853  0.18287623  0.02997633
 -0.23676047  0.04346129 -0.0159421   0.11753935 -0.17607374 -0.12708133
 -0.08890177 -0.09453859  0.10469353  0.04266252 -0.05683849  0.07241409
 -0.19831873 -0.25257105 -0.08570077 -0.06212713  0.02419748 -0.05672264
  0.10528173  0.03229312 -0.20498444  0.00137616 -0.03301065  0.07501633
 -0.11115207 -0.0535506   0.16034836  0.08762672 -0.13708167  0.07069795
  0.03058498  0.31598878  0.13541132  0.02952716  0.03381278 -0.09725368
  0.12434405 -0.34800082 -0.0049267   0.15832165  0.02722295  0.13467251
  0.01754157 -0.14010063  0.11284831  0.14998314 -0.24291158  0.10014776
  0.03020351 -0.0526901  -0.011553   -0.05032288  0.17959911  0.07398304
 -0.18383867 -0.14445738  0.10599971 -0.14295004 -0.08690187  0.10733666
 -0.13068268 -0.21611807 -0.29363632  0.13522904  0.4367452   0.20975249
 -0.05510551  0.02877014 -0.07870063 -0.03409553  0.03200248  0.10934849
 -0.11105959 -0.08144993 -0.03480676  0.12111771  0.19257277  0.01805082
 -0.04697121  0.25427204  0.0854449   0.03869216 -0.04464136  0.10772555
 -0.15765485 -0.01837926 -0.12311607  0.0036519  -0.02897373 -0.04103789
 -0.00880381  0.14534973 -0.18452665  0.28357756 -0.03722431 -0.07724681
 -0.0974471   0.00392169 -0.13920076  0.05324256  0.09366991 -0.24198987
  0.14708941  0.2665301   0.11424139  0.11961184  0.17127572 -0.0419404
  0.00955872  0.02184253 -0.21906129 -0.05993384  0.09025916 -0.04901
  0.03537687 -0.01153935]

Matveev:[-0.07856296  0.04924326  0.08311556 -0.09138806 -0.113805   -0.00338495
 -0.0577466  -0.07358257  0.09943708 -0.06696361  0.29527733 -0.07265041
 -0.18728399 -0.07998613  0.01164979  0.09753592 -0.1030919  -0.07838973
 -0.03646554 -0.04392667  0.0120173  -0.01260593 -0.03481131 -0.0033118
 -0.06486847 -0.3609066  -0.08734816 -0.10521869  0.02836842 -0.08616221
  0.01143328  0.12368944 -0.0925229  -0.08056059  0.08289585  0.12449802
 -0.11386319  0.05433666  0.15936522 -0.00851722 -0.15100215  0.04756008
  0.02087682  0.29071873  0.1377798   0.1046688   0.04760599 -0.08332149
  0.13874809 -0.21843664  0.11398792  0.17419249  0.20767829  0.08679322
  0.06441379 -0.13411814  0.03464149  0.07683571 -0.25293198  0.11050941
  0.10251858 -0.12938738 -0.01841496 -0.06814916  0.20181854  0.10610842
 -0.13288908 -0.13429303  0.17948821 -0.07291546 -0.06960712  0.03886717
 -0.15693988 -0.20425405 -0.22819759  0.08415858  0.35439602  0.1212014
 -0.20069636 -0.00447451 -0.08267224 -0.05227843 -0.01342653  0.07505333
 -0.03631167 -0.04871475 -0.04164186 -0.02079915  0.1236751  -0.11383016
 -0.0047714   0.18081915 -0.0067392   0.0704584   0.01751314  0.03438749
 -0.11962729  0.02290488 -0.14278045 -0.05235614 -0.04311774 -0.12658921
  0.02765087  0.05039416 -0.20053433  0.28022462 -0.01274287  0.01036154
 -0.0431811  -0.00151325 -0.04053688 -0.02803076  0.17483135 -0.26442343
  0.24372247  0.19239333  0.13514653  0.18423115  0.09674533  0.03755199
  0.05238294 -0.06086383 -0.14529017 -0.08618062  0.00162898  0.01321318
 -0.03369185  0.06440535]

Gulev:[-0.0673812  -0.03317627  0.00543073 -0.07275065 -0.13827589 -0.05069731
  0.05894895 -0.01592716  0.13545969 -0.09231701  0.23162159 -0.05576722
 -0.27811348 -0.02693308  0.08669031  0.13532333 -0.13501692 -0.10750321
 -0.15960072 -0.07124494  0.02419238  0.035546   -0.02008351  0.09086579
 -0.18588713 -0.36180863 -0.05195915 -0.12645268 -0.03637163 -0.09322692
 -0.01536089  0.16679427 -0.05634268 -0.05581371  0.06581805  0.05805825
 -0.06883793 -0.06019615  0.25933132  0.04213073 -0.20414819  0.0141565
  0.01508187  0.27999172  0.21121393  0.03473444  0.04485322 -0.03664309
  0.11377847 -0.38420421  0.03484552  0.13628562  0.04417499  0.05655453
  0.12102605 -0.13864243  0.01432829  0.06039546 -0.24159488  0.02888901
  0.02602813 -0.12804136 -0.03808061 -0.11304142  0.19394496  0.12118776
 -0.13340963 -0.09321587  0.09937587 -0.21707848 -0.14473571  0.0463584
 -0.1602774  -0.1867002  -0.35235384  0.03072161  0.36655045  0.19476071
 -0.21473269 -0.01816217 -0.01300217 -0.02117797  0.11911767  0.04454726
 -0.05677758 -0.08119524 -0.0895763   0.03927316  0.19437194 -0.04671675
 -0.06109953  0.21985334  0.03126402  0.05091198  0.06370062  0.05727645
 -0.07968561 -0.06302553 -0.12495126  0.02839363  0.11032679 -0.0579317
  0.03521722  0.13681428 -0.17403786  0.18691728 -0.09762567 -0.05903012
 -0.03307173 -0.00974572 -0.13942087  0.00545267  0.15642697 -0.21075624
  0.1416443   0.21693923  0.01258901  0.09638526  0.03783333 -0.02822948
 -0.077543    0.02948138 -0.21069765 -0.08155118  0.08890297  0.03223591
  0.05022828  0.00364483]

Sarapulov:[-0.10321613 -0.00249313  0.04321884 -0.09879623 -0.14332984 -0.04715031
  0.00779887 -0.1119846   0.07681707 -0.0899459   0.27442706 -0.13058464
 -0.29961222  0.02507301  0.008046    0.12920021 -0.08353744 -0.08641245
 -0.12786248 -0.11983016 -0.02131755  0.03159113 -0.08388602  0.04214191
 -0.1118879  -0.24666852 -0.06010781 -0.06858644 -0.02015657 -0.09300812
  0.03323201  0.14291133 -0.16152284 -0.07377207  0.06441272  0.05502688
 -0.12222938 -0.05525261  0.19709986  0.03242791 -0.158865   -0.03288003
  0.07268097  0.23503774  0.09549853  0.02927454  0.02333363 -0.08696879
  0.07473981 -0.34652153  0.08639255  0.1215229   0.09134468  0.11097142
  0.06801467 -0.17440334  0.0469142   0.11918767 -0.22195527  0.08381753
  0.11187597 -0.07997755 -0.10142583 -0.05560294  0.20938806  0.15288235
 -0.10823474 -0.09533397  0.16361493 -0.12142536 -0.12466069  0.11966611
 -0.09829701 -0.21814641 -0.30284426  0.08390701  0.34488997  0.15758198
 -0.15966821 -0.01379951 -0.01726577  0.02057307  0.12215158  0.00166653
 -0.06379371 -0.02414221  0.00176524  0.05720625  0.1848534  -0.03290949
 -0.07958241  0.25502339  0.03896838  0.00846795  0.06377544  0.07635252
  0.02709723 -0.11001351 -0.14017357 -0.01765711  0.13153593 -0.05252051
  0.01049496  0.10068939 -0.20708509  0.18309797 -0.02362945 -0.04342769
 -0.03838144 -0.0540574  -0.06700665  0.0440657   0.15401267 -0.30223551
  0.18384673  0.17217532  0.03694474  0.09657332  0.06036852 -0.06256763
  0.02939373 -0.1052171  -0.15776992 -0.11469047  0.11726182  0.03595714
  0.0029286   0.02957442]

Russkikh:[-0.11149813  0.12828761  0.02779876 -0.01946768 -0.03468523 -0.01266766
  0.04328983 -0.03739014  0.0648201   0.00443987  0.22519965 -0.03178394
 -0.3401413  -0.07575633  0.06806347  0.13133252 -0.13520433 -0.10505893
 -0.09661381 -0.04922188  0.14854319  0.06256364 -0.02866645  0.08224967
 -0.11517448 -0.31692931 -0.01903247 -0.09390975 -0.06988579 -0.13846678
 -0.00756371  0.09288593 -0.11665457 -0.01284687  0.05986182  0.05173133
 -0.06768777 -0.05840542  0.16436559  0.02880864 -0.16023348 -0.03767994
  0.08458821  0.29710057  0.08916148  0.05222283  0.04240496 -0.08472326
  0.08605487 -0.1952965   0.02705957  0.17610976  0.12202522  0.05736081
  0.09905171 -0.18352944  0.02808904  0.05162197 -0.26316774  0.03548851
  0.05563773 -0.09003622 -0.06414594 -0.14863448  0.13525577  0.04860663
 -0.10569114 -0.12364576  0.09149533 -0.13875315 -0.12571163  0.09057846
 -0.1446982  -0.24213408 -0.25455266  0.01343418  0.24806562  0.16005413
 -0.16178277  0.01744811  0.00860952 -0.05874292  0.06539357  0.06607994
 -0.10261403  0.07668971 -0.09507624  0.09751586  0.16002534 -0.01646358
 -0.00981306  0.22681011  0.01651199 -0.03707079  0.02541676 -0.01980466
 -0.06798314  0.00750166 -0.1535964  -0.04985522  0.02061801 -0.13324213
  0.00529059  0.06661952 -0.20233949  0.08306092  0.00430915 -0.02862681
 -0.09079487 -0.04918626 -0.18769819  0.0099763   0.11562463 -0.2420819
  0.13959618  0.19461663  0.08450084  0.06003254  0.04641683  0.01431827
 -0.0232907  -0.09582777 -0.22134441 -0.04108157  0.18079667  0.02025067
  0.05391961 -0.03719955]

Svista:[-0.117571    0.12531318  0.02845811 -0.06596278 -0.1051635   0.04301767
 -0.0648642   0.00464847  0.11555583 -0.10418463  0.24440563  0.00483397
 -0.26331884 -0.04647395  0.00429309  0.13440445 -0.13095173 -0.12195584
 -0.11731313 -0.1191222   0.01478484  0.03856399  0.01441295  0.02513122
 -0.16749334 -0.30720049 -0.06399699 -0.10569963  0.08691464 -0.1698018
  0.04944962  0.09359162 -0.04609484  0.03417116  0.07600248  0.05857309
 -0.01203533 -0.02160949  0.32917309  0.03363925 -0.16826469  0.06968103
  0.02057195  0.31445289  0.22165123  0.00907184  0.0861458  -0.07482191
  0.14411777 -0.2752623   0.03688068  0.21536945  0.06976707  0.06629348
  0.06573164 -0.13207616  0.00965825  0.12342954 -0.15790524  0.08503012
  0.05426196 -0.21743973 -0.06216416 -0.02455386  0.18554817  0.06957203
 -0.12788779 -0.19965927  0.22032368 -0.15285079 -0.08907127  0.12481136
 -0.15468246 -0.10562733 -0.25278223  0.07203314  0.42150673  0.16550618
 -0.15252326  0.09560708 -0.05651542 -0.04392569  0.01669259  0.14907368
 -0.09947236 -0.1588942  -0.03491123  0.04094648  0.23074473 -0.01206827
 -0.03781052  0.14464933  0.0711048   0.08411954  0.03991622  0.01531692
 -0.09727284 -0.10557698 -0.04629827 -0.00323941 -0.02654079 -0.12193003
  0.02923281  0.12056173 -0.17941649  0.20959686 -0.06941446 -0.04243004
 -0.0293359   0.08904749  0.00226378  0.02231324  0.15973632 -0.27090263
  0.22126824  0.2271774   0.07527065  0.11116257  0.12321028  0.09671336
  0.02815045  0.04278589 -0.13985395 -0.12985741 -0.02485905 -0.01163952
  0.03392471  0.01093728]

Zimnuhov:[-0.18574542  0.19788954  0.08458743 -0.01945338 -0.12761244 -0.00593318
 -0.09257672 -0.11427782  0.0992493  -0.05044055  0.25878948  0.00442245
 -0.15587638 -0.00239166 -0.02955631  0.14586446 -0.17322749 -0.07830842
 -0.11313511 -0.08623011 -0.00880669  0.13310431 -0.00457352  0.0128956
 -0.07869917 -0.32904741 -0.09502637 -0.05037449  0.10385993 -0.09924024
  0.02305831 -0.05427435 -0.14137603 -0.02145356  0.07553247  0.01832527
 -0.1305061   0.00321883  0.18780005  0.05568478 -0.12844399  0.00312473
  0.02649653  0.29608402  0.17821918  0.0566392   0.01542988 -0.17679004
  0.06037724 -0.23378859  0.06477613  0.19362682  0.08396672  0.06439669
  0.08071856 -0.15147549 -0.02022082  0.13291389 -0.20254907  0.10567313
  0.10760899 -0.02836668 -0.0642561  -0.06452754  0.18723843  0.1852324
 -0.13786459 -0.19680308  0.13818713 -0.15068781 -0.04979094  0.09525828
 -0.06285228 -0.2014146  -0.29317388  0.00171528  0.43807006  0.11619485
 -0.18559492 -0.11655876 -0.04158243 -0.0532858   0.08353755  0.0673422
 -0.18284974 -0.12268451 -0.04695818  0.05082018  0.14778665  0.02763964
 -0.0337983   0.19393116  0.02106079  0.05393754  0.01029607  0.0949166
 -0.13364708 -0.0388515  -0.07069927 -0.03159452 -0.04963457 -0.06684284
  0.04092672  0.18148851 -0.10449699  0.24104901 -0.00171336 -0.00524448
 -0.03411257  0.0338648  -0.07491553 -0.02967137  0.18257494 -0.18575788
  0.21643503  0.1710311  -0.00731103  0.11006862  0.0719088   0.08117296
 -0.06536864  0.00797834 -0.16302657 -0.0192582  -0.05499416 -0.1190724
  0.01378524 -0.00549546]

Zavalin:[-0.03827526  0.04458546  0.06738891 -0.02789554 -0.13187012  0.04435054
 -0.04218455 -0.07526035  0.0912066  -0.08711666  0.23365706 -0.01673993
 -0.258073   -0.07887446  0.02364254  0.14422297 -0.15483971 -0.19270119
 -0.06870367 -0.02391867  0.04154428  0.04255605 -0.08652948  0.02771278
 -0.11609355 -0.35603476 -0.01031568 -0.04534492  0.00966032 -0.07132442
 -0.03886396  0.13834921 -0.15558799 -0.02181846  0.06952452  0.22328702
 -0.06608152 -0.03741428  0.13632646  0.02478378 -0.18611285  0.04769851
  0.04759292  0.27794507  0.13779216  0.05546118  0.05654816 -0.03069676
  0.07867808 -0.27552843  0.06698003  0.17292452  0.17708907  0.1350472
  0.02972294 -0.23056453  0.03946373  0.09911201 -0.20850204  0.11268795
  0.06390766 -0.1891228   0.03347592 -0.05831729  0.28198183  0.05550345
 -0.13390422 -0.13504907  0.14851472 -0.11693016 -0.16723025  0.03716104
 -0.12499744 -0.15401021 -0.30747756  0.05059066  0.36803585  0.12617913
 -0.26154232  0.02754879 -0.0374094  -0.02514284  0.05582612  0.13459049
  0.02906393 -0.01073988 -0.14949149 -0.00208913  0.23350154 -0.01763799
 -0.02444136  0.22974581  0.03235959  0.05138855  0.0424086   0.04036542
 -0.04702737  0.00185664 -0.11539266 -0.04198236 -0.01522759 -0.10099831
 -0.01613001  0.08405775 -0.15672229  0.21328849 -0.02541069  0.04303302
 -0.0111793  -0.02769711 -0.08693927 -0.00568927  0.16989945 -0.33816034
  0.24766676  0.21688774  0.11768065  0.15808709  0.07460976  0.05072346
  0.02558735 -0.09425087 -0.22154379 -0.11058614  0.0226704  -0.04020852
  0.02281205  0.11697814]



